10 14
13 0 22 34
0 34 4 39
0 0 27 12
4 30 0 25
0 26 17 25
0 12 24 4
0 27 4 36
0 16 35 0
0 4 28 34
37 0 13 11
4 27 0 30
0 36 20 22
39 38 26 0
16 0 37 35
34 37 33 31
9 25 4 39
0 10 39 27
27 3 35 4
3 27 17 40
24 39 6 19
17 29 4 8
28 0 35 27
19 39 28 19
31 6 19 11
35 15 8 4
37 20 29 15
32 40 38 25
22 27 35 19
33 6 40 16
18 24 9 12
10 0 10 4
19 19 3 13
2 20 13 3
4 37 28 6
11 35 17 21
0 28 18 9
19 28 8 12
6 16 33 16
21 15 19 28
6 15 35 6
29 2 32 24
22 16 3 18
40 20 37 6
8 18 8 16
10 0 13 20
19 13 29 23
20 28 11 13
35 18 37 20
24 14 17 11
31 0 9 21
18 5 8 8
33 6 34 34
23 21 24 28
17 38 20 6
29 8 2 28
38 21 3 34
33 32 37 31
21 6 16 26
13 13 0 29
29 38 29 32
2 4 32 11
13 30 31 35
2 14 19 9
0 31 15 5
31 8 26 5
34 32 40 17
30 19 21 38
2 37 31 38
6 19 2 2
17 30 15 38
33 4 22 1
21 9 1 10
29 0 5 32
2 16 29 25
38 25 4 23
4 30 32 1
9 9 8 31
38 0 5 40
9 8 4 14
25 40 1 15
30 16 28 8
11 4 37 9
10 10 23 19
30 25 12 40
3 14 27 22
1 3 11 11
0 12 20 5
20 31 2 17
38 19 27 17
20 39 14 1
11 12 31 6
38 12 8 0
6 3 14 14
25 15 27 37
31 37 6 28
12 25 3 11
19 10 11 5
12 25 31 12
38 14 18 27
21 4 1 11
17 37 12 0
17 36 4 20
17 27 17 25
37 40 39 37
18 11 29 6
8 15 21 0
21 6 40 29
38 33 9 37
37 4 3 29
32 18 25 18
3 17 5 1
22 15 31 9
37 28 27 22
2 1 21 4
30 4 17 0
36 11 2 22
15 11 25 9
4 12 35 37
30 6 14 18
33 0 21 15
2 29 35 18
33 28 2 19
14 3 22 19
32 30 31 22
21 19 9 3
22 19 19 15
19 0 22 37
11 0 19 1
24 30 0 0
2 3 0 22
0 3 15 4
3 12 24 0
18 21 0 6
33 4 0 0
18 3 0 11
2 2 22 0
22 0 21 19
6 0 19 31
19 19 0 4
2 0 4 19
